4 1 3 0 5.13859826e-01 8.25028349e-01 3.39848871e+01 2.06903728e+02 4.29423022e+03 1.42048496e-01 -5.00812526e-01 1.28501444e+01 
4 1 3 0 1.26752584e-01 5.95032084e-01 1.91654397e+01 4.20432808e+01 4.60444205e+02 2.43140403e-01 -4.12193789e-01 1.40127184e+01 
4 1 3 0 5.55825326e-01 4.49499443e-01 1.21698914e+01 2.91498390e+01 3.44205856e+02 -3.20946422e-01 -3.33398680e-01 1.40583688e+01 
4 1 3 0 1.87408736e-01 2.88064898e-01 2.74213735e+01 6.97336186e+01 6.35051896e+02 3.41823773e-01 -2.64649950e-02 1.38594348e+01 
4 1 3 0 2.49984355e-01 2.38262694e-01 3.20543581e+01 1.64258077e+02 1.32675154e+03 3.68664756e-01 6.75358822e-02 1.33500224e+01 
4 1 3 0 7.27960824e-01 9.13336831e-01 8.97185491e+00 5.51020356e+01 5.41490434e+02 -5.54804024e-01 -8.27745335e-01 1.40616217e+01 
4 1 3 0 3.53207221e-01 6.08811999e-01 4.61270350e+00 1.37266775e+02 2.27862701e+02 -2.64182044e-01 -5.64806807e-01 1.40673694e+01 
4 1 3 0 6.48343613e-01 6.63908885e-02 1.34344938e+01 1.06138235e+01 2.05011707e+02 -3.89057882e-01 6.17741825e-02 1.40622348e+01 
4 1 3 0 2.45153473e-02 7.43803112e-01 3.29257721e+00 2.25379848e+02 2.61289655e+01 3.90313929e-02 -7.12391925e-01 1.40687374e+01 
4 1 3 0 9.84719938e-01 4.85056381e-01 2.07964486e+01 1.51626972e+02 3.17123808e+03 -5.83348481e-01 -2.86658262e-01 1.38664964e+01 
4 1 3 0 7.68248082e-01 1.80206572e-01 2.54970077e+01 1.82271228e+02 3.06964578e+03 -2.76155833e-01 6.30348811e-02 1.36580488e+01 
4 1 3 0 8.33468962e-01 7.14022506e-01 3.76836857e+01 9.05519770e+01 4.29159043e+03 -1.06173829e-01 -3.54520145e-01 1.34118500e+01 
4 1 3 0 4.41782098e-01 3.89658149e-01 4.31958857e+01 1.17996863e+02 2.93444921e+03 3.91898495e-01 2.24306006e-02 1.24939203e+01 
4 1 3 0 2.75125419e-01 9.41552038e-01 4.94929697e+01 1.01920140e+02 5.06351292e+03 6.80088896e-01 -4.69389107e-01 8.25414614e+00 
4 1 3 0 8.71239428e-01 1.16909012e-01 4.48277785e+01 2.22739354e+02 7.04253730e+03 -6.06330376e-03 3.10747995e-01 -1.30970863e+01 
4 1 3 0 8.55378655e-01 4.19949496e-01 4.41066290e+01 2.19157131e+02 7.74681651e+03 -4.12071446e-03 8.27745177e-04 -1.29062657e+01 
4 1 3 0 6.70514788e-01 4.18014263e-01 4.76777906e+01 2.32528528e+02 7.07254363e+03 2.49666570e-01 3.68318586e-02 -1.36152968e+01 
4 1 3 0 3.90393398e-01 4.49602276e-01 4.73532314e+01 2.32594788e+02 4.72424107e+03 5.23523968e-01 2.14755210e-03 -1.35763431e+01 
4 1 3 0 1.00000000e+00 1.00000000e+00 4.94556162e+01 1.53952014e+02 1.05564309e+04 -4.55066077e-02 -5.28193422e-01 -1.28831749e+01 
4 1 3 0 8.83718194e-01 5.18745624e-01 4.00359270e+01 2.08066806e+02 7.19505105e+03 -1.11024803e-01 -1.36802880e-01 -9.93032369e+00 
4 1 3 0 8.95035252e-01 5.67311999e-01 3.80083774e+01 2.20750079e+02 7.29525572e+03 -1.61473569e-01 -2.04712079e-01 1.10687643e+01 
4 1 3 0 9.25801799e-01 4.57132732e-01 4.80042429e+01 2.32611852e+02 9.75490424e+03 6.80088883e-04 8.27745323e-04 -1.36545976e+01 
4 1 3 0 6.94741535e-01 4.94506802e-01 4.06703134e+01 2.06482241e+02 5.79062516e+03 9.01955146e-02 -1.06512012e-01 -1.09811865e+01 
4 1 3 0 6.15240034e-01 4.56431774e-01 4.07894967e+01 2.04762773e+02 5.10027065e+03 1.71997252e-01 -6.72999755e-02 -1.09776894e+01 
4 1 3 0 9.50870669e-01 5.47078924e-01 4.48820563e+01 1.87533700e+02 8.28278984e+03 -8.46469822e-02 -1.18904106e-01 -1.25043358e+01 
4 1 3 0 8.20746141e-01 3.80384455e-01 4.02759348e+01 1.99547217e+02 6.16655801e+03 -4.34205995e-02 3.84796303e-03 8.59637953e+00 
4 1 3 0 8.19160386e-01 3.45491981e-01 3.99361100e+01 1.99061722e+02 5.98750367e+03 -4.83934629e-02 3.54985083e-02 1.03672672e+01 
4 1 3 0 7.42034363e-01 1.00000000e+00 3.84473771e+01 1.66519473e+02 6.29551264e+03 1.57376251e-08 -6.33212022e-01 1.25589775e+01 
4 1 3 0 9.33531438e-01 8.06431032e-03 3.94467801e+01 1.00254053e+02 3.27877394e+03 -1.72208582e-01 3.68257972e-01 1.32154884e+01 
4 1 3 0 9.82823823e-01 8.64524502e-03 3.85852167e+01 1.07867390e+02 3.63822089e+03 -2.38129140e-01 3.59457723e-01 1.32192105e+01 
4 1 3 0 9.56100604e-01 5.04042123e-01 4.47677635e+01 2.14914113e+02 8.95549672e+03 -9.20827693e-02 -7.69576597e-02 -1.29784334e+01 
4 1 3 0 8.75267256e-01 5.25599762e-01 3.83311691e+01 1.90918668e+02 6.40550054e+03 -1.35475692e-01 -1.59920408e-01 1.20942200e+01 
4 1 3 0 8.35130632e-01 5.08280834e-01 3.82581802e+01 1.90305542e+02 6.05688407e+03 -9.67477543e-02 -1.43297795e-01 1.21353955e+01 
4 1 3 0 8.39732714e-01 4.91907315e-01 4.08289808e+01 2.02557150e+02 6.80391219e+03 -5.17333846e-02 -1.02398838e-01 -1.08178068e+01 
4 1 3 0 7.34189593e-01 4.62414544e-01 4.10796802e+01 2.09554950e+02 6.11820050e+03 5.86482345e-02 -7.05143948e-02 -1.15650620e+01 
4 1 3 0 7.57295401e-01 4.81125871e-01 4.11730746e+01 2.09581207e+02 6.36651282e+03 3.73449392e-02 -8.83347389e-02 -1.16310121e+01 
4 1 3 0 9.95765455e-01 3.85473237e-01 4.04060009e+01 2.19796465e+02 8.10811507e+03 -2.15929639e-01 1.15971532e-08 -1.15870031e+01 
4 1 3 0 7.89845866e-01 4.99712760e-01 4.02962795e+01 2.07597002e+02 6.46402960e+03 -1.21276714e-02 -1.15286254e-01 -1.05212855e+01 
4 1 3 0 7.78974499e-01 4.88283701e-01 4.03115124e+01 2.07601595e+02 6.35246392e+03 -9.62309643e-04 -1.03711873e-01 -1.05514278e+01 
4 1 3 0 8.99352991e-01 8.66524550e-01 4.34758002e+01 2.26157642e+02 9.69284917e+03 -6.02700466e-02 -4.51765416e-01 -1.28768625e+01 
4 1 3 0 9.60388530e-01 7.64233972e-01 7.81295060e+00 2.10351382e+02 1.82257204e+03 -8.09598584e-01 -6.89698423e-01 1.40415812e+01 
4 1 3 0 9.64637663e-01 9.23015860e-01 1.70256292e+01 2.20332145e+02 3.69143282e+03 -6.36043021e-01 -7.60591358e-01 1.38875341e+01 
4 1 3 0 9.51216000e-01 7.41751923e-01 4.77863656e+01 1.70130792e+02 9.17021008e+03 -2.89391427e-02 -2.85869995e-01 -1.28521238e+01 
4 1 3 0 6.25173736e-01 4.94841805e-01 4.49756891e+01 1.88620209e+02 5.66292170e+03 2.42857064e-01 -6.57737310e-02 -1.25558134e+01 
4 1 3 0 5.59461936e-01 4.87724090e-01 4.49638185e+01 1.87980451e+02 5.16198141e+03 3.08339761e-01 -5.87692615e-02 -1.25380427e+01 
4 1 3 0 8.12101801e-01 3.52412317e-01 3.59865025e+01 2.22442656e+02 5.79295481e+03 -1.17562303e-01 -9.10108363e-03 1.21848049e+01 
4 1 3 0 8.46790947e-01 3.61295373e-01 4.52303457e+01 3.60369659e+01 2.89858923e+03 2.61547246e-02 7.02021250e-02 1.34251245e+01 
4 1 3 0 8.90390673e-01 4.19638848e-01 4.86180629e+01 4.55244021e+01 3.86926531e+03 4.79379410e-02 4.41774721e-02 1.30743732e+01 
4 1 3 0 9.89654817e-01 9.69649959e-01 4.01375982e+01 1.97334227e+02 9.04821953e+03 -2.14999172e-01 -5.86737272e-01 1.01809798e+01 
4 1 3 0 5.67026254e-01 3.28402404e-01 4.11061633e+01 2.20530951e+02 4.67264327e+03 2.26322698e-01 6.37503935e-02 -1.20174020e+01 
4 1 3 0 4.41247242e-01 3.45931819e-01 4.12692179e+01 2.20135482e+02 3.83770915e+03 3.55248664e-01 4.77765206e-02 -1.20798151e+01 
4 1 3 0 9.99975064e-01 5.76636413e-01 4.99996636e+01 1.33114110e+02 8.11901387e+03 -3.49815559e-02 -9.96396216e-02 -1.25174136e+01 
