2023-02-27 17:52:20
4 1 3 0 4.97103006e-01 4.33456313e-01 1.62754889e+01 4.26320532e+00 3.08756364e+02 -1.82986070e-01 -2.78188149e-01 1.40579816e+01 
4 1 3 0 1.75137977e-01 8.99705442e-01 1.70235189e+01 1.85122834e+02 8.35476246e+02 1.53415938e-01 -7.37301072e-01 1.39169779e+01 
4 1 3 0 1.26436105e-01 2.56648984e-01 2.06615759e+01 8.10842652e+01 3.37310207e+02 2.72332311e-01 -5.95375494e-02 1.39555403e+01 
4 1 3 0 5.43262461e-01 7.17208543e-01 4.95782710e+01 1.45655580e+02 6.00275481e+03 4.13598169e-01 -2.44231839e-01 -1.27344098e+01 
4 1 3 0 7.43864558e-01 9.41681010e-01 2.60502183e+01 1.35604946e+02 3.29532368e+03 -2.41095345e-01 -6.93161927e-01 1.37460012e+01 
4 1 3 0 9.77788920e-01 3.34751515e-02 3.91877120e+01 2.48012551e+01 1.50128841e+03 -2.21466077e-01 3.40375621e-01 1.37367575e+01 
4 1 3 0 2.08596186e-01 6.50605246e-01 4.63559282e+01 2.15628728e+02 3.85336859e+03 6.86073229e-01 -2.08369691e-01 -1.32654981e+01 
4 1 3 0 4.15066347e-02 8.33406383e-01 1.17775018e+01 4.01977734e+01 2.18403157e+02 1.85799150e-01 -7.21049016e-01 1.40558188e+01 
4 1 3 0 6.48088521e-01 7.53769098e-01 5.01822939e+00 1.93079210e+02 7.23162141e+02 -5.51236693e-01 -7.05895190e-01 1.40625241e+01 
4 1 3 0 3.05031264e-01 3.75234316e-01 3.28410945e+01 1.74730933e+02 1.92113766e+03 3.28801860e-01 -6.19302749e-02 1.32277811e+01 
4 1 3 0 3.53100152e-01 2.94916351e-01 9.25838672e+00 7.51810361e+01 2.50500855e+02 -1.74413288e-01 -2.06591341e-01 1.40564400e+01 
4 1 3 0 6.73641698e-01 5.80591901e-01 4.33268619e+01 2.31240911e+02 6.86095328e+03 1.62566737e-01 -1.67253639e-01 -1.29200603e+01 
4 1 3 0 4.49275938e-01 4.77425348e-01 3.37365852e+01 9.68001889e+01 2.07634750e+03 2.01840157e-01 -1.55578325e-01 1.35785729e+01 
4 1 3 0 8.56220784e-01 7.56329156e-02 1.73160503e+00 6.35488340e+01 2.31735793e+02 -8.22800807e-01 -5.91134037e-02 1.40743151e+01 
4 1 3 0 8.72947079e-01 1.58495078e-01 2.67906885e+01 1.24430447e+02 2.71873520e+03 -3.55886791e-01 9.70880897e-02 1.37481774e+01 
4 1 3 0 5.59356217e-01 1.00000000e+00 3.67782390e+01 2.40000000e+02 5.94415834e+03 1.50463796e-01 -6.49135600e-01 1.11236203e+01 
4 1 3 0 5.17306334e-01 8.40461612e-01 2.80487829e+01 2.02387183e+02 3.32385044e+03 2.40351751e-02 -5.72876224e-01 1.34636062e+01 
4 1 3 0 4.29392379e-01 9.76038474e-01 3.62094019e+01 2.16411316e+02 4.62846438e+03 2.69449077e-01 -6.30600780e-01 1.22343626e+01 
4 1 3 0 6.26607340e-01 9.51537381e-01 4.23220605e+01 2.38755218e+02 7.59780085e+03 1.90208427e-01 -5.47784924e-01 -1.28077349e+01 
4 1 3 0 6.75500962e-01 8.70947086e-01 3.72199988e+01 2.29042420e+02 6.39737631e+03 4.28450147e-02 -5.15868297e-01 1.13289413e+01 
4 1 3 0 8.83557428e-01 8.33141184e-01 4.42220756e+01 2.40000000e+02 1.00117028e+04 -3.00713689e-02 -4.11262583e-01 -1.32006765e+01 
4 1 3 0 8.85355897e-01 8.17564030e-01 4.97573846e+01 2.18615041e+02 1.09095695e+04 7.49616257e-02 -3.42878581e-01 -1.37325537e+01 
4 1 3 0 9.34825397e-01 6.70556481e-01 4.17513734e+01 1.99415282e+02 8.19834307e+03 -1.29023890e-01 -2.72248379e-01 -1.15221798e+01 
4 1 3 0 7.49478691e-01 9.29677866e-01 4.41823688e+01 2.06902417e+02 8.35152316e+03 1.03241026e-01 -5.08178068e-01 -1.27192952e+01 
4 1 3 0 7.83915256e-01 7.25014199e-01 3.55337279e+01 2.32497928e+02 6.54419465e+03 -9.81143086e-02 -3.86022435e-01 1.21324836e+01 
4 1 3 0 9.44252339e-01 7.83180221e-01 4.79168368e+01 2.08934008e+02 1.05185754e+04 -1.94573887e-02 -3.26053598e-01 -1.34178953e+01 
4 1 3 0 9.03869950e-01 8.14675793e-01 4.54541890e+01 1.60549679e+02 8.25035608e+03 -2.66041018e-02 -3.81042829e-01 -1.18456324e+01 
4 1 3 0 7.90030165e-01 6.27827140e-01 4.23805672e+01 1.99684844e+02 7.08573618e+03 2.79147826e-02 -2.23516528e-01 -1.19157555e+01 
4 1 3 0 9.67142637e-01 7.80735338e-01 4.91151070e+01 2.23935622e+02 1.15440601e+04 -1.92210714e-02 -3.12177217e-01 -1.37072266e+01 
4 1 3 0 8.08815341e-01 9.48869171e-01 3.80292887e+01 2.18834222e+02 7.57628877e+03 -7.48500685e-02 -5.86069757e-01 1.11754686e+01 
4 1 3 0 9.10737610e-01 5.99740666e-01 4.71583186e+01 2.19946386e+02 9.60468492e+03 -5.82060429e-04 -1.49850306e-01 -1.34298230e+01 
4 1 3 0 8.23111614e-01 6.25406807e-01 4.36842643e+01 1.81440008e+02 7.15907846e+03 1.99946862e-02 -2.08658926e-01 -1.18561765e+01 
4 1 3 0 8.83763417e-01 5.67742232e-01 3.83828231e+01 2.35018733e+02 7.62504289e+03 -1.42974931e-01 -2.01570100e-01 -1.02614371e+01 
4 1 3 0 7.45777425e-01 4.47567076e-01 4.62054304e+01 2.19460020e+02 7.30216083e+03 1.45987382e-01 -6.76727006e-03 -1.32864397e+01 
4 1 3 0 9.98850388e-01 7.11176516e-01 4.92245905e+01 1.92070250e+02 1.05229171e+04 -4.88157926e-02 -2.41573923e-01 -1.34086030e+01 
4 1 3 0 9.45845715e-01 3.25724455e-01 4.24095266e+01 2.00088546e+02 7.35662426e+03 -1.27341852e-01 7.88624283e-02 -1.19452323e+01 
4 1 3 0 9.29365915e-01 1.55822756e-01 4.79464324e+01 2.16413479e+02 8.05238562e+03 -3.99977007e-03 3.01586209e-01 -1.34989550e+01 
4 1 3 0 9.65601971e-01 4.71324563e-01 4.15431130e+01 1.72747686e+02 7.03779293e+03 -1.63819890e-01 -7.50032648e-02 1.09864273e+01 
4 1 3 0 8.59466203e-01 2.95338570e-01 3.43478466e+01 1.77933543e+02 4.80837964e+03 -1.96552764e-01 3.23398859e-02 1.30535964e+01 
4 1 3 0 7.72750374e-01 3.84444176e-01 4.04200128e+01 2.38516402e+02 6.68348425e+03 7.35587306e-03 1.16274568e-03 -1.22299931e+01 
4 1 3 0 7.08142995e-01 6.98708312e-01 3.59046392e+01 1.45452329e+02 4.49151855e+03 -1.51834588e-02 -3.56178054e-01 1.31481115e+01 
4 1 3 0 8.06222259e-01 7.75645439e-01 3.32779648e+01 1.37128797e+02 4.52854746e+03 -1.63957538e-01 -4.58173655e-01 1.34068677e+01 
4 1 3 0 6.75538924e-01 6.85399145e-01 3.93861100e+01 1.67851241e+02 5.26929892e+03 8.46129995e-02 -3.09655655e-01 1.23106993e+01 
4 1 3 0 6.19433233e-01 7.51042613e-01 3.23752884e+01 1.53710951e+02 3.75152446e+03 5.40983390e-03 -4.42182362e-01 1.33811883e+01 
4 1 3 0 7.46641883e-01 6.06017305e-01 3.64598233e+01 1.19651731e+02 4.07415159e+03 -4.29672930e-02 -2.58190591e-01 1.32934506e+01 
4 1 3 0 1.00000000e+00 7.98028842e-01 4.15788536e+01 2.40000000e+02 1.02487969e+04 -1.97528125e-01 -4.01366578e-01 -1.26397465e+01 
4 1 3 0 8.76965964e-01 6.90710446e-01 3.05685340e+01 2.11874567e+02 5.66509079e+03 -2.86993257e-01 -3.99086631e-01 1.32255857e+01 
4 1 3 0 7.68872488e-01 9.48204070e-01 4.42705341e+01 2.32108695e+02 9.17537062e+03 8.55488200e-02 -5.25863175e-01 -1.31154759e+01 
4 1 3 0 9.90351528e-01 6.31208481e-01 3.86490304e+01 1.96270605e+02 7.71382702e+03 -2.44425242e-01 -2.62496731e-01 1.17990517e+01 
4 1 3 0 9.05065746e-01 7.87621883e-01 4.80054623e+01 2.17409699e+02 1.04506588e+04 2.14396763e-02 -3.29649773e-01 -1.35163297e+01 
4 1 3 0 1.00000000e+00 1.00000000e+00 5.00000000e+01 1.56707275e+02 1.08101313e+04 -3.50000000e-02 -5.23000000e-01 -1.30354447e+01 
