2 0 0 2.35150544e+00 1.23634211e+00 1.32828249e-01 
2 0 0 -2.35443307e+00 3.12207427e-01 -4.71173096e-01 
2 0 0 8.91873020e-01 -2.42631833e+00 -1.04468101e+00 
2 0 0 1.84451264e-01 -1.63065325e+00 -6.53315993e+00 
2 0 0 2.40059690e+00 2.65210045e+00 4.00495687e-03 
2 0 0 -6.08842100e-01 -2.47007497e-01 2.09033874e+00 
2 0 0 -1.46150432e+00 2.30244661e+00 3.63089798e-01 
2 0 0 -5.87681696e-01 1.09184342e+00 3.13321889e+00 
2 0 0 -2.49264748e+00 -2.00688234e+00 8.98702255e-03 
2 0 0 1.45010288e+00 -1.16822290e+00 2.53922005e-01 
2 0 0 2.88369643e-01 -1.71343744e+00 -6.39378911e+00 
2 0 0 2.54045160e-01 5.82287133e-01 2.95972067e-01 
2 0 0 1.72095654e-01 -1.97534185e+00 -5.13492485e+00 
2 0 0 2.69231864e-01 -1.53390058e+00 -6.42683184e+00 
2 0 0 2.11967923e-01 -1.62130065e+00 -6.54804571e+00 
2 0 0 2.18308572e-01 -1.62405371e+00 -6.55008884e+00 
