6 0 0 1.70002098e-01 9.24376942e-01 9.25872955e-01 4.22816103e-01 8.34921251e-01 6.39865575e-01 -1.70083524e-02 
6 0 0 3.81197287e-01 7.12792214e-01 7.16724020e-01 8.03182426e-01 9.27705616e-01 9.74021444e-02 -1.32700838e+00 
6 0 0 3.43574259e-01 6.58415507e-02 6.11073644e-01 2.59193642e-01 9.34969519e-01 5.87599068e-01 -4.67905171e-01 
6 0 0 5.49341864e-01 9.07769161e-01 4.99133942e-02 7.08832380e-01 8.02392943e-01 4.77003959e-01 -1.16176790e-01 
6 0 0 2.96216037e-01 9.14116867e-01 3.36474245e-01 9.24708094e-01 1.44806458e-01 2.33139925e-01 -4.42068571e-01 
6 0 0 8.57228580e-01 7.10133823e-02 1.01892906e-01 4.07466511e-01 2.83496944e-01 2.78962988e-01 -2.16462700e-01 
6 0 0 5.97210081e-01 3.71614916e-01 1.22070161e-01 1.19555482e-01 8.95912296e-01 8.27951815e-02 -2.43760268e-02 
6 0 0 1.35063002e-01 1.12767556e-01 7.86465123e-01 3.97347964e-01 1.25192248e-01 8.83457463e-01 -1.17718467e+00 
6 0 0 7.43327413e-01 9.37963653e-02 1.46838450e-01 8.62254654e-01 8.82277871e-01 8.11077472e-01 -2.09236499e-04 
6 0 0 7.17292698e-01 9.38427001e-01 5.27472400e-01 2.22356981e-01 5.14878317e-01 1.88676770e-01 -1.34903429e-01 
6 0 0 1.93769634e-01 2.74222638e-01 6.35272936e-02 7.54995635e-01 2.55260573e-01 6.49840738e-01 -2.66524233e-01 
6 0 0 6.20066818e-02 7.97627064e-01 8.64717562e-01 2.94060000e-01 8.04293994e-02 1.58820877e-01 -1.78022977e-01 
6 0 0 2.49597310e-01 1.29129325e-01 8.91483182e-01 9.14268231e-01 5.22487144e-01 3.51719655e-01 -1.35647101e-02 
6 0 0 8.95328347e-01 2.47557384e-01 9.05652360e-01 1.54167141e-01 7.07441256e-01 3.20691451e-01 -9.89537596e-03 
6 0 0 4.41993897e-02 4.53949619e-01 3.49568376e-01 5.21927314e-01 7.28385280e-01 3.07947303e-01 -1.19831412e-01 
6 0 0 2.14863020e-01 7.84411745e-01 1.36202767e-01 9.54647426e-02 6.54997487e-01 8.18313454e-01 -5.60041026e-02 
6 0 0 8.72440861e-01 2.05849167e-01 5.97888603e-01 9.08905371e-01 7.99022829e-02 7.22188881e-01 -1.07633638e-01 
6 0 0 8.99396640e-01 8.57511090e-01 9.15707968e-01 8.05106571e-01 3.80502867e-01 4.69143012e-01 -7.26878475e-03 
6 0 0 9.20909745e-01 5.13419090e-01 2.54858279e-01 9.04498097e-01 6.08363441e-01 1.37052507e-01 -3.47590354e-03 
6 0 0 6.51589648e-01 3.57281455e-01 7.65729531e-01 5.98779370e-01 1.81896889e-01 5.56198998e-02 -1.40868707e-01 
6 0 0 1.79833185e-01 1.55395318e-01 4.96860827e-01 6.11168620e-02 3.32364437e-01 1.11391886e-01 -2.43751165e-01 
6 0 0 8.01430504e-01 8.27538013e-01 1.84712566e-01 5.86145128e-01 1.67081546e-01 8.97189052e-01 -4.16479776e-02 
6 0 0 5.64961311e-01 4.16805183e-01 8.35426819e-01 6.83908308e-01 7.42520754e-01 9.31662846e-01 -4.87562848e-02 
6 0 0 9.34749065e-01 6.69269299e-01 4.38422280e-01 3.70436434e-01 9.02908036e-01 7.22158083e-01 -9.65735193e-04 
6 0 0 7.02399219e-01 1.90531172e-01 3.55987217e-01 1.33594308e-01 4.57260442e-01 9.52557711e-01 -4.33160916e-01 
6 0 0 6.08472786e-01 7.07340231e-01 8.89467756e-01 6.32099424e-02 2.32643441e-01 7.64701363e-01 -3.95461034e-01 
6 0 0 7.32995880e-02 7.40617058e-01 5.86696543e-01 8.72487796e-01 4.41037968e-01 8.61988238e-01 -6.86022670e-02 
6 0 0 4.42259007e-01 5.25932840e-01 2.48054212e-01 2.07846810e-01 3.99580145e-02 4.61255350e-01 -3.55552315e-01 
6 0 0 4.60462286e-01 6.77586295e-01 6.74737059e-01 7.54664728e-01 7.80967183e-01 3.36201151e-01 -4.41903409e-01 
6 0 0 5.03611671e-01 7.20570924e-01 7.22235455e-01 7.08783383e-01 7.33468780e-01 3.73159421e-01 -3.75729624e-01 
6 0 0 4.18205588e-01 6.30741620e-01 6.28018700e-01 7.12026893e-01 7.43977068e-01 3.83037557e-01 -3.17918984e-01 
6 0 0 5.01787267e-01 6.30619090e-01 7.21589233e-01 7.96037903e-01 8.22451680e-01 2.91834702e-01 -3.91483957e-01 
6 0 0 4.14048938e-01 7.22135828e-01 6.36722661e-01 7.99214242e-01 7.34675649e-01 2.92530902e-01 -6.16996351e-01 
6 0 0 5.08651426e-01 7.25775401e-01 6.46677870e-01 8.02853868e-01 8.29156320e-01 3.84390127e-01 -2.36050894e-01 
6 0 0 4.92510405e-01 7.09752549e-01 6.22139608e-01 7.02067277e-01 8.17696139e-01 2.83603700e-01 -7.74882448e-01 
6 0 0 2.29583561e-01 1.91315704e-01 7.15155231e-01 4.34023725e-01 1.85982885e-01 8.03947967e-01 -1.72951269e+00 
6 0 0 1.67009475e-01 2.40428583e-01 6.52605419e-01 3.84184900e-01 2.48557681e-01 7.41542707e-01 -2.44054043e+00 
6 0 0 2.85850858e-01 1.29252491e-01 6.66993288e-01 3.71862338e-01 2.42154184e-01 8.65939008e-01 -1.93495224e+00 
6 0 0 1.79445445e-01 2.53218576e-01 7.76173315e-01 4.87242714e-01 2.41518673e-01 8.65016089e-01 -1.60221485e+00 
6 0 0 1.75847654e-01 1.37508893e-01 7.56995121e-01 5.03342078e-01 1.32217700e-01 7.34629614e-01 -1.08946919e+00 
6 0 0 2.85374097e-01 2.53676706e-01 7.77423944e-01 3.71595243e-01 1.34737209e-01 7.50764143e-01 -1.57778815e+00 
6 0 0 2.92069101e-01 2.40514649e-01 6.52708255e-01 4.96338905e-01 1.23497580e-01 8.54157594e-01 -1.14276228e+00 
6 0 0 1.57173942e-01 2.58469942e-01 7.10067646e-01 3.02634419e-01 3.33172818e-01 7.51666744e-01 -2.56081612e+00 
6 0 0 1.12619041e-01 3.30531300e-01 6.38006288e-01 2.61191759e-01 3.69844443e-01 7.10468604e-01 -2.52699232e+00 
6 0 0 2.06576676e-01 3.17872653e-01 7.69497323e-01 3.54825928e-01 2.86613834e-01 6.92237338e-01 -2.25657914e+00 
6 0 0 2.15436327e-01 3.05187588e-01 6.60096770e-01 3.51046298e-01 3.91509134e-01 8.09928689e-01 -2.10785525e+00 
6 0 0 1.02724021e-01 2.00209290e-01 7.59621937e-01 3.47826990e-01 2.81819459e-01 8.10040675e-01 -2.17759139e+00 
6 0 0 2.17770216e-01 1.97869250e-01 6.66006377e-01 2.42082903e-01 2.93036796e-01 6.98966142e-01 -2.87978129e+00 
6 0 0 9.80272452e-02 2.10813049e-01 7.70143514e-01 2.48178091e-01 3.93412562e-01 6.91439120e-01 -2.12589734e+00 
6 0 0 2.65063520e-01 1.24925667e-01 6.33895789e-01 2.54974294e-01 3.64445205e-01 7.16590350e-01 -2.80105407e+00 
6 0 0 3.29759405e-01 7.31589991e-02 5.96087783e-01 1.90278409e-01 3.33305418e-01 6.53530575e-01 -2.70177030e+00 
6 0 0 3.16064001e-01 1.80264458e-01 5.81216819e-01 3.07737664e-01 4.15301456e-01 7.67530087e-01 -2.34440523e+00 
6 0 0 2.37412763e-01 1.51443892e-01 5.65425896e-01 3.23444187e-01 3.14670973e-01 6.48120456e-01 -3.14844212e+00 
6 0 0 2.02915611e-01 1.69097740e-01 5.87493182e-01 1.96880486e-01 4.26593186e-01 6.69177375e-01 -2.56213979e+00 
6 0 0 2.06528037e-01 6.47350991e-02 5.75753935e-01 2.22847117e-01 3.09406255e-01 7.75304281e-01 -2.74884108e+00 
6 0 0 3.22359183e-01 1.60976060e-01 6.97217678e-01 1.97705977e-01 3.22184106e-01 7.79888870e-01 -2.34615022e+00 
6 0 0 1.49018891e-01 4.18530023e-01 7.05965047e-01 2.56274629e-01 3.66376974e-01 6.77127462e-01 -2.11573518e+00 
6 0 0 9.43607286e-02 4.65412440e-01 6.67376297e-01 2.09181073e-01 4.13424762e-01 7.31648659e-01 -1.70187274e+00 
6 0 0 2.02554619e-01 4.74157688e-01 7.61594258e-01 2.94989309e-01 3.36653443e-01 7.32766011e-01 -1.86064732e+00 
6 0 0 1.74462271e-01 4.71341165e-01 7.58773608e-01 2.00769526e-01 4.21878110e-01 6.21633982e-01 -1.42599851e+00 
6 0 0 9.43489982e-02 4.55003707e-01 7.39238161e-01 3.10970220e-01 3.12934369e-01 6.23599149e-01 -1.83723209e+00 
6 0 0 2.05784562e-01 3.61788517e-01 7.45973505e-01 2.11969720e-01 3.09611503e-01 6.45149896e-01 -2.20720833e+00 
6 0 0 1.97513684e-01 3.74664751e-01 6.58676445e-01 3.07388486e-01 4.16210172e-01 6.27501086e-01 -2.12222945e+00 
6 0 0 1.67013346e-01 2.32983928e-01 8.20072964e-01 3.11119740e-01 3.61255289e-01 7.51540174e-01 -2.09681030e+00 
6 0 0 2.37257852e-01 1.71004759e-01 8.90317506e-01 3.65497065e-01 3.09475443e-01 7.90758447e-01 -1.79881437e+00 
6 0 0 1.92276270e-01 3.04692004e-01 8.61248309e-01 3.83445084e-01 4.27494234e-01 8.23864179e-01 -1.36190030e+00 
6 0 0 1.27891737e-01 1.63544050e-01 8.75021652e-01 3.73600624e-01 4.30695188e-01 6.85095948e-01 -1.43304491e+00 
6 0 0 2.27908049e-01 2.60405425e-01 7.47981697e-01 2.39028990e-01 4.20575227e-01 8.10860326e-01 -1.86629521e+00 
6 0 0 2.37913784e-01 2.89443175e-01 8.90974376e-01 2.70324114e-01 4.01045252e-01 6.80638139e-01 -1.62964774e+00 
6 0 0 1.13689936e-01 2.97272853e-01 8.80011856e-01 2.44537175e-01 3.05969296e-01 7.99480163e-01 -1.86787671e+00 
6 0 0 1.64588877e-01 1.71159830e-01 5.97978708e-01 2.81071913e-01 3.13233093e-01 6.88524559e-01 -3.13155561e+00 
6 0 0 1.89749074e-01 2.37698723e-01 5.31549815e-01 3.47613080e-01 2.46698180e-01 7.22291150e-01 -2.79891245e+00 
6 0 0 2.05386031e-01 1.05511137e-01 5.41042827e-01 2.21334012e-01 2.67820192e-01 7.54173256e-01 -2.87006533e+00 
6 0 0 1.12269867e-01 1.13115226e-01 6.55217254e-01 3.35138232e-01 2.55500840e-01 6.35908540e-01 -2.64423690e+00 
6 0 0 1.23350152e-01 2.17075628e-01 6.50678256e-01 3.40562734e-01 3.74589430e-01 7.49880352e-01 -2.50576268e+00 
6 0 0 9.56026881e-02 2.33220270e-01 6.12570333e-01 2.12078858e-01 2.51187209e-01 7.43598335e-01 -2.60547910e+00 
6 0 0 1.06542197e-01 1.25407726e-01 5.44809327e-01 2.28013396e-01 3.71334566e-01 6.30389033e-01 -2.96126948e+00 
6 0 0 2.85734465e-01 1.17985511e-01 5.50104841e-01 2.92274625e-01 2.99463463e-01 7.01490964e-01 -3.10754686e+00 
6 0 0 3.51320447e-01 1.05454192e-01 5.17743023e-01 3.57860608e-01 2.33877481e-01 6.35904982e-01 -2.59828798e+00 
6 0 0 2.36316036e-01 5.20961001e-02 4.84215430e-01 3.46447288e-01 2.47359814e-01 7.28308377e-01 -2.77044740e+00 
6 0 0 3.42732497e-01 7.91787990e-02 5.09639372e-01 3.34377528e-01 3.63844565e-01 7.66050842e-01 -2.56877812e+00 
6 0 0 3.48506649e-01 5.40811276e-02 6.00756366e-01 2.42826686e-01 2.36691279e-01 7.22220976e-01 -2.49591547e+00 
6 0 0 3.20897593e-01 1.77229782e-01 6.08772396e-01 3.49127162e-01 2.58318613e-01 7.58125947e-01 -2.57869274e+00 
6 0 0 3.13193314e-01 6.00119347e-02 4.89707580e-01 2.32326502e-01 3.41463908e-01 6.42747223e-01 -2.98191993e+00 
6 0 0 1.77923897e-01 2.87499906e-01 5.81796358e-01 2.88179108e-01 3.10456064e-01 6.81622763e-01 -3.00539147e+00 
6 0 0 1.57520556e-01 2.57863369e-01 5.20372260e-01 2.29104876e-01 3.64083549e-01 7.40228498e-01 -2.83976192e+00 
6 0 0 2.30404828e-01 3.43570008e-01 6.15182343e-01 3.44048841e-01 3.39216709e-01 7.36080137e-01 -2.54223729e+00 
6 0 0 1.32244415e-01 2.26129822e-01 5.36096217e-01 2.45926158e-01 2.78874108e-01 6.20251511e-01 -3.06574486e+00 
6 0 0 2.33639454e-01 2.47880664e-01 5.46456848e-01 3.29332060e-01 3.66304395e-01 6.29402114e-01 -2.92023369e+00 
6 0 0 1.19980990e-01 3.45658161e-01 5.62319352e-01 3.41085042e-01 2.56980600e-01 6.39975198e-01 -2.55940722e+00 
6 0 0 2.41724821e-01 2.50934049e-01 6.45577613e-01 2.45058417e-01 2.72050292e-01 7.10620243e-01 -2.81801087e+00 
6 0 0 2.14729801e-01 1.55323336e-01 5.35575360e-01 2.74641675e-01 3.17294424e-01 6.62205038e-01 -3.28207910e+00 
6 0 0 1.53797949e-01 9.64632914e-02 4.74086759e-01 3.15560462e-01 3.47906946e-01 6.03346232e-01 -3.08276346e+00 
6 0 0 1.76265889e-01 1.06616639e-01 5.77794814e-01 2.03859698e-01 3.88076400e-01 6.25319399e-01 -2.82654623e+00 
6 0 0 2.82866664e-01 2.09684939e-01 5.96005722e-01 2.14795670e-01 3.33009672e-01 5.98453597e-01 -2.85495964e+00 
6 0 0 2.77279329e-01 8.58971778e-02 6.05003635e-01 3.44067829e-01 3.83106082e-01 5.92776764e-01 -2.59288140e+00 
6 0 0 2.58334364e-01 2.13919710e-01 4.63177534e-01 2.31297889e-01 2.48297757e-01 6.76891905e-01 -2.98513041e+00 
6 0 0 2.71103898e-01 1.72961502e-01 4.99754872e-01 2.07059138e-01 3.84876759e-01 7.27926782e-01 -2.77190449e+00 
6 0 0 3.56859476e-01 8.19498423e-01 6.74218387e-01 7.34995481e-01 9.31930474e-01 4.09241069e-02 -2.14911151e+00 
6 0 0 3.12334639e-01 8.76001822e-01 7.50422212e-01 6.62934169e-01 8.76098049e-01 1.20846820e-01 -2.19304797e+00 
6 0 0 2.74826918e-01 8.37881486e-01 6.13720565e-01 8.17028039e-01 8.38699415e-01 9.19826021e-02 -1.19281022e+00 
6 0 0 2.84702684e-01 7.48482961e-01 6.02945635e-01 6.84921665e-01 9.61539147e-01 1.32035797e-01 -1.58164842e+00 
6 0 0 4.36971409e-01 7.57025751e-01 6.31054149e-01 6.54883548e-01 8.47775275e-01 7.51579833e-02 -2.40793922e+00 
6 0 0 4.27014341e-01 8.92493318e-01 7.49943810e-01 8.09313888e-01 8.44581936e-01 3.05288545e-02 -1.72668978e+00 
6 0 0 4.31566935e-01 8.98693342e-01 5.95023477e-01 7.65694739e-01 9.11562086e-01 1.37250377e-01 -1.78219768e+00 
6 0 0 2.03683128e-01 2.13365141e-01 4.97795902e-01 2.83768795e-01 3.00524184e-01 7.23693760e-01 -3.16059969e+00 
6 0 0 1.74874113e-01 2.77290662e-01 4.25388592e-01 2.49468041e-01 2.67482202e-01 7.96101070e-01 -2.58792324e+00 
6 0 0 2.36377801e-01 2.84309524e-01 5.52733226e-01 2.10764202e-01 2.27451590e-01 7.60687088e-01 -2.49834774e+00 
6 0 0 1.34447516e-01 2.64927891e-01 4.41285840e-01 3.07365297e-01 2.31292153e-01 6.54464179e-01 -2.79410077e+00 
6 0 0 2.60388528e-01 2.62661629e-01 4.48338325e-01 3.38290352e-01 3.51316737e-01 7.68787656e-01 -2.68837280e+00 
6 0 0 2.72273512e-01 1.44778326e-01 5.66406290e-01 2.56124494e-01 2.60144215e-01 7.92114887e-01 -2.67800080e+00 
6 0 0 1.38463221e-01 1.70231648e-01 5.51698925e-01 3.36116962e-01 3.46614973e-01 7.87573913e-01 -2.68678996e+00 
6 0 0 1.95985612e-01 1.48061247e-01 4.86807624e-01 2.81796618e-01 3.54951211e-01 6.64702554e-01 -3.22854247e+00 
6 0 0 2.63833460e-01 1.89629375e-01 4.15568618e-01 3.52982082e-01 2.83766275e-01 6.76304391e-01 -3.03944993e+00 
6 0 0 2.65265227e-01 8.67625276e-02 5.24563627e-01 3.52396530e-01 4.25587022e-01 6.18765717e-01 -2.47753596e+00 
6 0 0 1.33603108e-01 1.32827227e-01 4.17114726e-01 2.13303982e-01 3.14803561e-01 7.14311061e-01 -3.02760467e+00 
6 0 0 2.55875935e-01 8.02357276e-02 4.42262439e-01 2.24481862e-01 2.92770687e-01 6.22534345e-01 -3.09950251e+00 
6 0 0 2.31467162e-01 2.07217661e-01 4.30451132e-01 2.44533592e-01 4.14736069e-01 6.05126641e-01 -2.69954702e+00 
6 0 0 2.27746746e-01 8.34508923e-02 4.23176781e-01 3.14177565e-01 4.03706729e-01 7.29996937e-01 -2.68960773e+00 
6 0 0 4.10534022e-01 8.95578790e-01 6.73092469e-01 5.66854546e-01 8.89594534e-01 6.27974517e-02 -2.97485697e+00 
